00501
00544
00659
00725
00729
00736
00741
00757
00773
00780
00784
00936
00949
00956
00961
00987
01001
01002
01003
01004
01005
01007
01008
01009
01010
01012
01013
01014
01020
01021
01022
01026
01027
01028
01029
01030
01031
01032
01033
01034
01035
01036
01037
01038
01039
01040
01041
01050
01053
01054
01056
01057
01059
01060
01061
01062
01063
01066
01068
01069
01070
01072
01073
01074
01075
01077
01079
01080
01081
01082
01083
01084
01085
01086
01088
01089
01090
01092
01093
01094
01095
01096
01097
01098
01101
01102
01103
01104
01105
01106
01107
01108
01109
01111
01115
01116
01118
01119
01128
01129
01133
01138
01139
01144
01151
01152
01195
01199
01201
01202
01203
01220
01223
01225
01226
01227
01229
01235
01236
01238
01240
01242
01243
01245
01247
01253
01254
01255
01260
01262
01263
01264
01266
01270
01301
01302
01330
01331
01337
01338
01340
01341
01342
01344
01347
01349
01351
01354
01355
01360
01366
01368
01370
01373
01375
01376
01379
01420
01431
01432
01434
01436
01438
01440
01441
01450
01451
01452
01453
01460
01463
01464
01467
01469
01470
01471
01472
01473
01474
01475
01477
01501
01503
01504
01506
01507
01508
01509
01510
01515
01516
01517
01518
01519
01520
01521
01522
01523
01524
01525
01526
01527
01529
01531
01532
01534
01535
01536
01537
01538
01540
01542
01543
01545
01550
01560
01561
01562
01564
01566
01568
01569
01570
01571
01580
01581
01582
01583
01585
01586
01588
01590
01601
01602
01603
01604
01605
01606
01607
01608
01609
01610
01611
01613
01614
01615
01653
01654
01655
01701
01702
01703
01704
01705
01718
01719
01720
01721
01730
01731
01740
01741
01742
01745
01746
01747
01748
01749
01752
01754
01756
01757
01760
01770
01772
01773
01775
01776
01778
01784
01801
01803
01805
01806
01807
01808
01810
01812
01813
01815
01821
01822
01824
01826
01827
01830
01831
01832
01833
01834
01835
01840
01841
01842
01843
01844
01845
01850
01851
01852
01853
01854
01860
01862
01863
01864
01865
01866
01867
01876
01879
01880
01885
01886
01887
01888
01889
01890
01899
01901
01902
01903
01904
01905
01906
01907
01908
01910
01913
01915
01921
01922
01923
01929
01930
01931
01936
01937
01938
01940
01944
01949
01950
01951
01952
01960
01961
01965
01966
01969
01970
01971
01982
01983
01984
01985
02018
02019
02020
02021
02025
02026
02027
02030
02031
02032
02035
02038
02040
02041
02043
02044
02045
02047
02048
02050
02051
02052
02053
02054
02055
02056
02059
02060
02061
02062
02065
02066
02067
02070
02071
02072
02081
02090
02093
02108
02109
02110
02111
02112
02113
02114
02115
02116
02117
02118
02119
02120
02121
02122
02123
02124
02125
02126
02127
02128
02129
02130
02131
02132
02133
02134
02135
02136
02137
02138
02139
02140
02141
02142
02143
02144
02145
02148
02149
02150
02151
02152
02153
02155
02156
02163
02169
02170
02171
02176
02180
02184
02185
02186
02187
02188
02189
02190
02191
02196
02199
02201
02203
02204
02205
02206
02207
02210
02211
02212
02215
02216
02217
02222
02228
02238
02239
02241
02266
02269
02283
02284
02293
02295
02297
02298
02301
02302
02303
02304
02305
02322
02324
02325
02327
02330
02331
02332
02333
02334
02337
02338
02339
02340
02341
02343
02344
02345
02346
02347
02348
02349
02350
02351
02355
02356
02357
02358
02359
02360
02361
02362
02364
02366
02367
02368
02370
02375
02379
02381
02382
02420
02421
02445
02446
02447
02451
02452
02453
02454
02455
02456
02457
02458
02459
02460
02461
02462
02464
02465
02466
02467
02468
02471
02472
02474
02475
02476
02477
02478
02479
02481
02482
02492
02493
02494
02495
02532
02534
02536
02537
02538
02540
02541
02542
02543
02553
02556
02558
02559
02561
02562
02563
02565
02571
02574
02576
02601
02630
02631
02632
02633
02634
02635
02636
02637
02638
02639
02641
02642
02643
02644
02645
02646
02647
02648
02649
02650
02651
02652
02653
02655
02657
02659
02660
02661
02662
02663
02664
02666
02667
02668
02669
02670
02671
02672
02673
02675
02702
02703
02712
02714
02715
02717
02718
02719
02720
02721
02722
02723
02724
02725
02726
02738
02739
02740
02741
02742
02743
02744
02745
02746
02747
02748
02760
02761
02762
02763
02764
02766
02767
02768
02769
02770
02771
02777
02779
02780
02783
02790
02791
05501
05544
06001
06002
06006
06010
06011
06013
06016
06018
06019
06020
06021
06022
06023
06024
06025
06026
06027
06028
06029
06030
06031
06032
06033
06034
06035
06037
06039
06040
06041
06042
06043
06045
06050
06051
06052
06053
06057
06058
06059
06060
06061
06062
06063
06064
06065
06066
06067
06068
06069
06070
06071
06072
06073
06074
06075
06076
06077
06078
06079
06080
06081
06082
06083
06084
06085
06087
06088
06089
06090
06091
06092
06093
06094
06095
06096
06098
06101
06102
06103
06104
06105
06106
06107
06108
06109
06110
06111
06112
06114
06115
06117
06118
06119
06120
06123
06126
06127
06128
06129
06131
06132
06133
06134
06137
06138
06140
06141
06142
06143
06144
06145
06146
06147
06150
06151
06152
06153
06154
06155
06156
06160
06161
06167
06176
06180
06183
06199
06226
06230
06231
06232
06233
06234
06235
06237
06238
06239
06241
06242
06243
06244
06245
06246
06247
06248
06249
06250
06251
06254
06255
06256
06258
06259
06260
06262
06263
06264
06265
06266
06267
06268
06269
06277
06278
06279
06280
06281
06282
06320
06330
06331
06332
06333
06334
06335
06336
06338
06339
06340
06349
06350
06351
06353
06354
06355
06357
06359
06360
06365
06370
06371
06372
06373
06374
06375
06376
06377
06378
06379
06380
06382
06383
06384
06385
06386
06387
06388
06389
06401
06403
06404
06405
06408
06409
06410
06411
06412
06413
06414
06415
06416
06417
06418
06419
06420
06422
06423
06424
06426
06437
06438
06439
06440
06441
06442
06443
06444
06447
06450
06451
06454
06455
06456
06457
06459
06460
06461
06467
06468
06469
06470
06471
06472
06473
06474
06475
06477
06478
06479
06480
06481
06482
06483
06484
06487
06488
06489
06491
06492
06493
06494
06495
06497
06498
06501
06502
06503
06504
06505
06506
06507
06508
06509
06510
06511
06512
06513
06514
06515
06516
06517
06518
06519
06520
06521
06524
06525
06530
06531
06532
06533
06534
06535
06536
06537
06538
06540
06601
06602
06604
06605
06606
06607
06608
06610
06611
06612
06614
06615
06650
06673
06699
06701
06702
06703
06704
06705
06706
06708
06710
06712
06716
06720
06721
06722
06723
06724
06725
06726
06749
06750
06751
06752
06753
06754
06755
06756
06757
06758
06759
06762
06763
06770
06776
06777
06778
06779
06781
06782
06783
06784
06785
06786
06787
06790
06791
06792
06793
06794
06795
06796
06798
06801
06804
06807
06810
06811
06812
06813
06814
06816
06817
06820
06824
06825
06828
06829
06830
06831
06832
06836
06838
06840
06842
06850
06851
06852
06853
06854
06855
06856
06857
06858
06859
06860
06870
06875
06876
06877
06878
06879
06880
06881
06883
06888
06889
06890
06896
06897
06901
06902
06903
06904
06905
06906
06907
06910
06911
06912
06913
06914
06920
06921
06922
06925
06926
06927
06928
07001
07002
07003
07004
07005
07006
07007
07008
07009
07010
07011
07012
07013
07014
07015
07016
07017
07018
07019
07020
07021
07022
07023
07024
07026
07027
07028
07029
07030
07031
07032
07033
07034
07035
07036
07039
07040
07041
07042
07043
07044
07045
07046
07047
07050
07051
07052
07054
07055
07057
07058
07059
07060
07061
07062
07063
07064
07065
07066
07067
07068
07069
07070
07071
07072
07073
07074
07075
07076
07077
07078
07079
07080
07081
07082
07083
07086
07087
07088
07090
07091
07092
07093
07094
07095
07096
07097
07099
07101
07102
07103
07104
07105
07106
07107
07108
07109
07110
07111
07112
07114
07175
07182
07184
07188
07189
07191
07192
07193
07194
07195
07198
07199
07201
07202
07203
07204
07205
07206
07207
07208
07302
07303
07304
07305
07306
07307
07308
07309
07310
07311
07395
07399
07401
07403
07405
07407
07410
07416
07417
07418
07419
07420
07421
07422
07423
07424
07428
07430
07432
07435
07436
07438
07439
07440
07442
07444
07446
07450
07451
07452
07456
07457
07458
07460
07461
07462
07463
07465
07470
07474
07477
07480
07481
07495
07501
07502
07503
07504
07505
07506
07507
07508
07509
07510
07511
07512
07513
07514
07522
07524
07533
07538
07543
07544
07601
07602
07603
07604
07605
07606
07607
07608
07620
07621
07624
07626
07627
07628
07630
07631
07632
07640
07641
07642
07643
07644
07645
07646
07647
07648
07649
07650
07652
07653
07656
07657
07660
07661
07662
07663
07666
07670
07675
07676
07677
07699
07701
07702
07703
07704
07709
07710
07711
07712
07715
07716
07717
07718
07719
07720
07721
07722
07723
07724
07726
07727
07728
07730
07731
07732
07733
07734
07735
07737
07738
07739
07740
07746
07747
07748
07750
07751
07752
07753
07754
07755
07756
07757
07758
07760
07762
07763
07764
07765
07777
07799
07801
07802
07803
07806
07820
07821
07822
07823
07825
07826
07827
07828
07829
07830
07831
07832
07833
07834
07836
07837
07838
07839
07840
07842
07843
07844
07845
07846
07847
07848
07849
07850
07851
07852
07853
07855
07856
07857
07860
07863
07865
07866
07869
07870
07871
07874
07875
07876
07877
07878
07879
07880
07881
07882
07885
07890
07901
07902
07920
07921
07922
07924
07926
07927
07928
07930
07931
07932
07933
07934
07935
07936
07938
07939
07940
07945
07946
07950
07960
07961
07962
07963
07970
07974
07976
07977
07978
07979
07980
07981
07983
07999
08001
08002
08003
08004
08005
08006
08007
08008
08009
08010
08011
08012
08014
08015
08016
08018
08019
08020
08021
08022
08023
08025
08026
08027
08028
08029
08030
08031
08032
08033
08034
08035
08036
08037
08038
08039
08041
08042
08043
08045
08046
08048
08049
08050
08051
08052
08053
08054
08055
08056
08057
08059
08060
08061
08062
08063
08064
08065
08066
08067
08068
08069
08070
08071
08072
08073
08074
08075
08076
08077
08078
08079
08080
08081
08083
08084
08085
08086
08087
08088
08089
08090
08091
08092
08093
08094
08095
08096
08097
08098
08099
08101
08102
08103
08104
08105
08106
08107
08108
08109
08110
08201
08202
08203
08204
08205
08210
08212
08213
08214
08215
08217
08218
08219
08220
08221
08223
08224
08225
08226
08230
08231
08232
08234
08240
08241
08242
08243
08244
08245
08246
08247
08248
08250
08251
08252
08260
08270
08302
08310
08311
08312
08313
08314
08315
08316
08317
08318
08319
08320
08321
08322
08323
08324
08326
08327
08328
08329
08330
08332
08340
08341
08342
08343
08344
08345
08346
08347
08348
08349
08350
08352
08353
08360
08361
08362
08401
08402
08403
08404
08405
08406
08501
08502
08504
08505
08510
08511
08512
08514
08515
08518
08520
08525
08526
08527
08528
08530
08533
08534
08535
08536
08540
08541
08542
08543
08544
08550
08551
08553
08554
08555
08556
08557
08558
08559
08560
08561
08562
08601
08602
08603
08604
08605
08606
08607
08608
08609
08610
08611
08618
08619
08620
08625
08628
08629
08638
08640
08641
08645
08646
08647
08648
08650
08666
08677
08690
08691
08695
08701
08720
08721
08722
08723
08724
08730
08731
08732
08733
08734
08735
08736
08738
08739
08740
08741
08742
08750
08751
08752
08753
08754
08755
08756
08757
08758
08759
08801
08802
08803
08804
08805
08807
08808
08809
08810
08812
08816
08817
08818
08820
08821
08822
08823
08824
08825
08826
08827
08828
08829
08830
08831
08832
08833
08834
08835
08836
08837
08840
08844
08846
08848
08850
08852
08853
08854
08855
08857
08858
08859
08861
08862
08863
08865
08867
08868
08869
08870
08871
08872
08873
08875
08876
08879
08880
08882
08884
08885
08886
08887
08888
08889
08890
08899
08901
08902
08903
08904
08905
08906
08922
08933
08988
08989
10301
10302
10303
10304
10305
10306
10307
10308
10309
10310
10311
10312
10313
10314
10461
10462
10465
10466
10467
10469
10470
10471
10472
10473
10499
10501
10502
10503
10504
10505
10506
10507
10509
10510
10511
10512
10514
10516
10517
10518
10519
10520
10521
10522
10523
10524
10526
10527
10528
10530
10532
10533
10535
10536
10537
10538
10540
10541
10542
10543
10545
10546
10547
10548
10549
10550
10551
10552
10553
10557
10558
10560
10562
10566
10567
10570
10571
10572
10573
10576
10577
10578
10579
10580
10583
10587
10588
10589
10590
10591
10594
10595
10596
10597
10598
10601
10602
10603
10604
10605
10606
10607
10610
10701
10702
10703
10704
10705
10706
10707
10708
10709
10710
10801
10802
10803
10804
10805
10901
10910
10911
10912
10913
10914
10915
10916
10917
10918
10919
10920
10921
10922
10923
10924
10925
10926
10927
10928
10930
10931
10932
10933
10940
10941
10943
10949
10950
10952
10953
10954
10956
10958
10959
10960
10962
10963
10964
10965
10968
10969
10970
10973
10974
10975
10976
10977
10979
10980
10981
10982
10983
10984
10985
10986
10987
10988
10989
10990
10992
10993
10994
10996
10997
10998
11001
11002
11003
11010
11020
11021
11022
11023
11024
11025
11026
11027
11030
11040
11041
11042
11043
11044
11050
11051
11052
11053
11054
11055
11096
11099
11501
11507
11509
11510
11514
11516
11518
11520
11530
11531
11535
11536
11542
11545
11547
11548
11549
11551
11552
11553
11554
11555
11556
11557
11558
11559
11560
11561
11563
11565
11566
11568
11569
11570
11571
11572
11575
11576
11577
11579
11580
11581
11582
11590
11592
11594
11595
11596
11597
11598
11599
11701
11702
11703
11704
11705
11706
11707
11708
11709
11710
11713
11714
11715
11716
11717
11718
11719
11720
11721
11722
11724
11725
11726
11727
11729
11730
11731
11732
11733
11735
11736
11737
11738
11739
11740
11741
11742
11743
11746
11747
11749
11750
11751
11752
11753
11754
11755
11756
11757
11758
11760
11762
11763
11764
11765
11766
11767
11768
11769
11771
11772
11773
11774
11775
11776
11777
11778
11779
11780
11782
11783
11784
11786
11787
11788
11789
11790
11791
11792
11793
11794
11795
11796
11797
11798
11801
11802
11803
11804
11815
11819
11853
11854
11855
11901
11930
11931
11932
11933
11934
11935
11937
11939
11940
11941
11942
11944
11946
11947
11948
11949
11950
11951
11952
11953
11954
11955
11956
11957
11958
11959
11960
11961
11962
11963
11964
11965
11967
11968
11969
11970
11971
11972
11973
11975
11976
11977
11978
11980
12007
12008
12009
12010
12015
12016
12017
12018
12019
12020
12022
12023
12024
12025
12027
12028
12029
12031
12032
12033
12035
12036
12037
12040
12041
12042
12043
12045
12046
12047
12050
12051
12052
12053
12054
12055
12056
12057
12058
12059
12060
12061
12062
12063
12064
12065
12066
12067
12068
12069
12070
12071
12072
12073
12074
12075
12076
12077
12078
12082
12083
12084
12085
12086
12087
12089
12090
12092
12093
12094
12095
12106
12107
12110
12115
12117
12118
12120
12121
12122
12123
12124
12125
12128
12130
12131
12132
12133
12134
12136
12137
12138
12140
12141
12143
12144
12147
12148
12149
12150
12151
12153
12154
12156
12157
12158
12159
12160
12161
12165
12166
12168
12169
12170
12172
12173
12174
12175
12176
12177
12180
12181
12182
12183
12184
12185
12186
12187
12188
12189
12192
12193
12194
12195
12196
12198
12201
12202
12203
12204
12205
12206
12207
12208
12209
12210
12211
12212
12214
12220
12222
12223
12224
12225
12226
12227
12228
12229
12230
12231
12232
12233
12234
12235
12236
12237
12238
12239
12240
12241
12242
12243
12244
12245
12246
12247
12248
12249
12250
12252
12255
12256
12257
12260
12261
12288
12301
12302
12303
12304
12305
12306
12307
12308
12309
12325
12345
12401
12402
12404
12405
12407
12409
12411
12413
12414
12416
12417
12418
12419
12420
12422
12423
12424
12427
12428
12429
12431
12432
12433
12435
12436
12439
12440
12442
12443
12444
12446
12448
12449
12450
12451
12452
12453
12454
12456
12457
12458
12460
12461
12463
12466
12468
12469
12470
12471
12472
12473
12475
12477
12482
12483
12484
12485
12486
12487
12489
12490
12491
12492
12493
12494
12495
12496
12498
12501
12502
12503
12504
12506
12507
12508
12510
12511
12512
12513
12514
12515
12516
12517
12518
12520
12521
12522
12523
12524
12525
12526
12527
12528
12529
12530
12531
12533
12534
12537
12538
12540
12541
12542
12543
12544
12545
12546
12547
12548
12549
12550
12551
12552
12553
12555
12561
12563
12564
12565
12566
12567
12568
12569
12570
12571
12572
12574
12575
12577
12578
12580
12581
12582
12583
12584
12585
12586
12589
12590
12592
12593
12594
12601
12602
12603
12604
12721
12722
12729
12746
12771
12780
12801
12803
12804
12809
12816
12820
12822
12823
12824
12827
12828
12831
12832
12833
12834
12835
12838
12839
12844
12845
12846
12848
12850
12859
12863
12865
12866
12871
12873
12884
12885
13317
13320
13329
13333
13339
13350
13357
13361
13365
13407
13410
13428
13450
13452
13459
13468
17022
17039
17050
17055
17070
17302
17309
17312
17314
17317
17321
17326
17332
17333
17334
17339
17352
17366
17368
17406
17501
17503
17505
17506
17508
17509
17512
17516
17517
17518
17519
17520
17522
17527
17528
17529
17532
17533
17534
17535
17536
17538
17540
17543
17545
17547
17549
17550
17551
17552
17554
17555
17557
17560
17562
17563
17565
17566
17568
17569
17570
17572
17573
17576
17578
17579
17580
17581
17582
17584
17601
17602
17603
18001
18002
18003
18011
18015
18016
18017
18018
18020
18031
18032
18034
18036
18037
18039
18041
18042
18043
18044
18045
18046
18049
18051
18052
18053
18054
18055
18059
18060
18062
18066
18067
18068
18069
18070
18073
18074
18076
18077
18078
18079
18080
18081
18084
18087
18092
18098
18099
18101
18102
18103
18104
18105
18106
18109
18175
18901
18902
18910
18911
18912
18913
18914
18915
18916
18917
18918
18922
18923
18924
18925
18926
18927
18928
18929
18930
18931
18932
18933
18934
18935
18936
18938
18940
18942
18943
18944
18946
18947
18949
18950
18951
18954
18955
18956
18957
18958
18960
18962
18963
18964
18966
18968
18969
18970
18971
18974
18976
18977
18979
18980
18981
18991
19001
19002
19003
19004
19006
19007
19008
19009
19010
19012
19013
19014
19015
19016
19017
19018
19019
19020
19021
19022
19023
19025
19026
19027
19028
19029
19030
19031
19032
19033
19034
19035
19036
19037
19038
19039
19040
19041
19043
19044
19046
19047
19048
19049
19050
19052
19053
19054
19055
19056
19057
19058
19060
19061
19063
19064
19065
19066
19067
19070
19072
19073
19074
19075
19076
19078
19079
19080
19081
19082
19083
19085
19086
19087
19088
19089
19090
19091
19092
19093
19094
19095
19096
19098
19099
19101
19105
19108
19109
19110
19113
19153
19155
19160
19161
19162
19170
19171
19172
19173
19175
19176
19177
19178
19179
19181
19182
19183
19184
19185
19187
19188
19191
19192
19193
19194
19195
19196
19197
19244
19255
19301
19310
19311
19312
19316
19317
19318
19319
19320
19330
19331
19333
19335
19339
19340
19341
19342
19343
19344
19345
19346
19347
19348
19350
19351
19352
19353
19354
19355
19357
19358
19360
19362
19363
19365
19366
19367
19369
19371
19372
19373
19374
19375
19376
19380
19381
19382
19383
19390
19395
19397
19398
19399
19401
19403
19404
19405
19406
19407
19408
19409
19415
19420
19421
19422
19423
19424
19425
19426
19428
19429
19430
19432
19435
19436
19437
19438
19440
19441
19442
19443
19444
19446
19450
19451
19453
19454
19455
19456
19457
19460
19462
19464
19465
19468
19470
19473
19474
19475
19477
19478
19480
19481
19482
19483
19484
19485
19486
19487
19488
19489
19490
19492
19493
19494
19495
19496
19501
19520
19539
19540
19543
19548
19551
19565
19601
19602
19603
19604
19605
19606
19607
19608
19609
19610
19611
19612
19640
19701
19702
19703
19706
19707
19708
19709
19710
19711
19712
19713
19714
19715
19716
19717
19718
19720
19721
19725
19726
19730
19731
19732
19733
19734
19735
19736
19801
19802
19803
19804
19805
19806
19807
19808
19809
19810
19850
19880
19884
19885
19886
19887
19889
19890
19891
19892
19893
19894
19895
19896
19897
19898
19899
19901
19902
19903
19904
19905
19906
19930
19931
19933
19934
19936
19938
19939
19940
19941
19943
19944
19945
19946
19947
19950
19951
19952
19953
19954
19955
19956
19958
19960
19961
19962
19963
19964
19966
19967
19968
19969
19970
19971
19973
19975
19977
19979
19980
20001
20002
20003
20004
20005
20006
20007
20008
20009
20010
20011
20012
20013
20015
20016
20017
20018
20019
20020
20022
20023
20024
20026
20027
20029
20030
20032
20033
20035
20036
20037
20038
20039
20040
20042
20043
20044
20045
20046
20047
20049
20050
20051
20052
20053
20055
20056
20057
20058
20059
20060
20061
20062
20063
20064
20065
20066
20067
20068
20071
20073
20074
20075
20076
20077
20078
20080
20081
20082
20088
20090
20091
20097
20098
20104
20199
20201
20203
20204
20207
20208
20210
20211
20212
20213
20214
20215
20216
20217
20218
20219
20220
20221
20222
20223
20224
20226
20227
20228
20229
20230
20232
20233
20235
20237
20238
20239
20240
20241
20242
20244
20245
20250
20251
20254
20260
20261
20262
20265
20266
20268
20270
20277
20289
20299
20301
20303
20306
20307
20314
20317
20318
20319
20340
20355
20370
20372
20373
20374
20375
20376
20380
20388
20389
20390
20391
20392
20393
20394
20395
20398
20401
20402
20403
20404
20405
20407
20408
20409
20410
20411
20412
20413
20414
20415
20416
20418
20419
20420
20421
20422
20423
20424
20425
20426
20427
20428
20429
20431
20433
20434
20435
20436
20437
20439
20440
20441
20442
20444
20447
20451
20456
20460
20463
20468
20469
20470
20472
20500
20501
20502
20503
20504
20505
20506
20507
20508
20509
20510
20511
20515
20520
20521
20522
20523
20524
20525
20526
20527
20528
20529
20530
20531
20532
20533
20534
20535
20536
20537
20538
20539
20540
20541
20542
20543
20544
20546
20547
20548
20549
20551
20552
20553
20554
20555
20557
20558
20559
20560
20565
20566
20570
20571
20572
20573
20575
20576
20577
20578
20579
20580
20581
20585
20586
20590
20591
20593
20594
20597
20599
20601
20602
20603
20604
20606
20607
20608
20609
20610
20611
20612
20613
20615
20616
20617
20618
20619
20620
20621
20622
20623
20624
20625
20626
20627
20628
20629
20630
20632
20634
20635
20636
20637
20639
20640
20643
20645
20646
20650
20653
20656
20657
20658
20659
20660
20661
20662
20664
20667
20670
20674
20675
20676
20677
20678
20680
20682
20684
20685
20686
20687
20688
20689
20690
20692
20693
20695
20697
20701
20703
20704
20705
20706
20707
20708
20709
20710
20711
20712
20714
20715
20716
20717
20718
20719
20720
20721
20722
20723
20724
20725
20726
20731
20732
20733
20735
20736
20737
20738
20740
20741
20742
20743
20744
20745
20746
20747
20748
20749
20750
20751
20752
20753
20754
20755
20757
20758
20759
20762
20763
20764
20765
20768
20769
20770
20771
20772
20773
20774
20775
20776
20777
20778
20779
20781
20782
20783
20784
20785
20787
20788
20790
20791
20792
20794
20797
20799
20810
20811
20812
20813
20814
20815
20816
20817
20818
20824
20825
20827
20830
20832
20833
20837
20838
20839
20841
20842
20847
20848
20849
20850
20851
20852
20853
20854
20855
20857
20859
20860
20861
20862
20866
20868
20871
20872
20874
20875
20876
20877
20878
20879
20880
20882
20883
20884
20885
20886
20889
20891
20892
20894
20895
20896
20897
20898
20899
20901
20902
20903
20904
20905
20906
20907
20908
20910
20911
20912
20913
20914
20915
20916
20918
20993
20997
21001
21005
21009
21010
21012
21013
21014
21015
21017
21018
21020
21022
21023
21027
21028
21029
21030
21031
21032
21034
21035
21036
21037
21040
21041
21042
21043
21044
21045
21046
21047
21048
21050
21051
21052
21053
21054
21056
21057
21060
21061
21062
21065
21071
21074
21075
21076
21077
21078
21082
21084
21085
21087
21088
21090
21092
21093
21094
21098
21102
21104
21105
21106
21108
21111
21113
21114
21117
21120
21122
21123
21128
21130
21131
21132
21133
21136
21139
21140
21144
21146
21150
21152
21153
21154
21155
21156
21157
21158
21160
21161
21162
21163
21201
21202
21203
21204
21205
21206
21207
21208
21209
21210
21211
21212
21213
21214
21215
21216
21217
21218
21219
21220
21221
21222
21223
21224
21225
21226
21227
21228
21229
21230
21231
21233
21234
21235
21236
21237
21239
21240
21241
21244
21250
21251
21252
21263
21264
21265
21268
21270
21273
21274
21275
21278
21279
21280
21281
21282
21283
21284
21285
21286
21287
21288
21289
21290
21297
21298
21401
21402
21403
21404
21405
21409
21411
21412
21601
21606
21607
21609
21610
21612
21613
21617
21619
21620
21622
21623
21624
21625
21626
21627
21628
21629
21631
21632
21634
21635
21636
21638
21639
21640
21641
21643
21644
21645
21647
21648
21649
21650
21651
21652
21653
21654
21655
21656
21657
21658
21659
21660
21661
21662
21663
21664
21665
21666
21667
21668
21669
21670
21671
21672
21673
21675
21676
21677
21678
21679
21681
21682
21683
21684
21685
21686
21687
21688
21690
21701
21702
21703
21704
21705
21709
21710
21711
21713
21714
21716
21717
21718
21719
21722
21723
21727
21733
21734
21737
21738
21740
21742
21746
21754
21755
21756
21757
21758
21759
21762
21765
21767
21769
21770
21771
21773
21774
21775
21776
21777
21778
21779
21780
21781
21782
21783
21784
21787
21788
21790
21791
21792
21793
21794
21795
21797
21798
21801
21802
21803
21804
21810
21811
21813
21814
21817
21821
21822
21824
21826
21829
21830
21835
21836
21837
21838
21840
21841
21842
21843
21849
21850
21851
21852
21853
21856
21861
21862
21863
21864
21865
21867
21869
21871
21872
21874
21875
21890
21901
21902
21903
21904
21911
21912
21913
21914
21915
21916
21917
21918
21919
21920
21921
21922
21930
56901
56915
56920
56933
56944
56972
75001
75002
75006
75007
75010
75013
75019
75022
75023
75024
75025
75028
75032
75034
75035
75038
75039
75040
75043
75044
75048
75050
75051
75052
75054
75056
75060
75061
75062
75063
75065
75067
75068
75069
75070
75071
75074
75075
75077
75078
75080
75081
75082
75087
75088
75089
75093
75094
75098
75104
75110
75114
75115
75116
75119
75126
75132
75134
75137
75141
75146
75149
75150
75154
75159
75165
75173
75181
75182
75189
75201
75203
75204
75205
75206
75208
75209
75211
75212
75214
75215
75216
75217
75218
75220
75223
75224
75225
75227
75228
75229
75230
75231
75232
75234
75235
75236
75238
75240
75241
75243
75244
75246
75248
75249
75252
75253
75254
75287
75407
75442
76001
76002
76006
76008
76010
76011
76012
76013
76014
76015
76016
76017
76018
76020
76021
76022
76028
76031
76034
76035
76036
76039
76040
76049
76051
76052
76053
76054
76060
76063
76065
76071
76078
76082
76087
76092
76103
76106
76107
76108
76109
76110
76112
76114
76116
76117
76118
76119
76120
76123
76126
76131
76132
76133
76134
76135
76137
76140
76148
76164
76179
76180
76182
76207
76208
76209
76210
76226
76227
76240
76244
76247
76248
76249
76259
76262
79821
79835
79901
79902
79903
79904
79905
79906
79907
79908
79910
79911
79912
79915
79922
79924
79925
79927
79928
79930
79932
79934
79935
79936
79938
80001
80002
80003
80004
80005
80006
80007
80010
80011
80012
80013
80014
80015
80016
80017
80018
80019
80020
80021
80022
80023
80024
80025
80026
80027
80028
80030
80031
80033
80034
80035
80036
80037
80038
80040
80041
80042
80044
80045
80046
80047
80102
80103
80104
80107
80108
80109
80110
80111
80112
80113
80116
80117
80118
80120
80121
80122
80123
80124
80125
80126
80127
80128
80129
80130
80131
80134
80135
80136
80137
80138
80150
80151
80155
80160
80161
80162
80163
80165
80166
80201
80202
80203
80204
80205
80206
80207
80208
80209
80210
80211
80212
80214
80215
80216
80217
80218
80219
80220
80221
80222
80223
80224
80225
80226
80227
80228
80229
80230
80231
80232
80233
80234
80235
80236
80237
80238
80239
80241
80243
80244
80246
80247
80248
80249
80250
80251
80252
80256
80257
80259
80260
80261
80262
80263
80264
80265
80266
80271
80273
80274
80279
80280
80281
80290
80291
80293
80294
80295
80299
80301
80302
80303
80304
80305
80306
80307
80308
80309
80310
80314
80321
80322
80323
80328
80329
80401
80402
80403
80419
80422
80425
80427
80433
80436
80437
80438
80439
80444
80452
80453
80454
80455
80457
80465
80466
80471
80474
80476
80497
80501
80502
80503
80504
80511
80513
80514
80515
80516
80520
80521
80522
80523
80524
80525
80526
80527
80528
80530
80532
80533
80534
80535
80537
80538
80539
80540
80541
80542
80543
80544
80546
80547
80549
80550
80551
80553
80601
80602
80603
80610
80614
80615
80620
80621
80622
80623
80624
80631
80632
80633
80634
80638
80639
80640
80642
80643
80644
80645
80646
80648
80650
80651
80826
80841
80866
80901
80908
80912
80931
80932
80933
80934
80935
80936
80937
80940
80941
80942
80943
80944
80945
80947
80949
80950
80960
80962
80970
80977
80995
80997
85001
85002
85003
85004
85005
85006
85007
85008
85009
85010
85011
85012
85013
85014
85015
85016
85017
85018
85019
85020
85021
85022
85023
85024
85025
85026
85027
85028
85029
85030
85031
85032
85033
85034
85035
85036
85037
85038
85039
85040
85041
85042
85043
85044
85045
85046
85048
85050
85051
85053
85054
85055
85060
85061
85062
85063
85064
85065
85066
85067
85068
85069
85070
85071
85072
85073
85074
85075
85076
85077
85078
85079
85080
85082
85083
85085
85086
85087
85098
85099
85112
85118
85119
85120
85121
85122
85123
85128
85130
85131
85132
85137
85138
85139
85140
85141
85142
85143
85145
85147
85172
85173
85193
85194
85201
85202
85203
85204
85205
85206
85207
85208
85209
85210
85211
85212
85213
85214
85215
85216
85217
85218
85219
85220
85221
85222
85223
85224
85225
85226
85227
85228
85230
85231
85232
85233
85234
85236
85238
85239
85240
85241
85242
85243
85244
85245
85246
85247
85248
85249
85250
85251
85252
85253
85254
85255
85256
85257
85258
85259
85260
85261
85262
85263
85264
85266
85267
85268
85269
85271
85272
85274
85275
85277
85278
85279
85280
85281
85282
85283
85284
85285
85286
85287
85289
85290
85291
85295
85296
85297
85298
85299
85301
85302
85303
85304
85305
85306
85307
85308
85309
85310
85311
85312
85313
85318
85322
85323
85324
85326
85327
85329
85331
85332
85335
85337
85338
85339
85340
85342
85343
85345
85349
85350
85351
85353
85354
85355
85358
85361
85362
85363
85364
85365
85366
85367
85369
85372
85373
85374
85375
85376
85377
85378
85379
85380
85381
85382
85383
85385
85387
85388
85390
85392
85395
85396
85541
85544
85547
85548
85601
85602
85606
85611
85613
85614
85615
85616
85618
85619
85621
85622
85623
85624
85627
85629
85630
85631
85635
85636
85637
85638
85639
85640
85641
85645
85646
85648
85650
85652
85653
85654
85658
85662
85670
85671
85701
85702
85703
85704
85705
85706
85707
85708
85709
85710
85711
85712
85713
85714
85715
85716
85717
85718
85719
85720
85721
85722
85723
85724
85725
85726
85728
85730
85731
85732
85733
85734
85735
85736
85737
85738
85739
85740
85741
85742
85743
85744
85745
85746
85747
85748
85749
85750
85751
85752
85754
85755
85756
85757
85775
85902
86301
86302
86303
86304
86305
86312
86313
86314
86315
86321
86322
86323
86324
86325
86326
86327
86329
86330
86331
86332
86333
86334
86335
86336
86338
86339
86340
86341
86342
86343
86351
87001
87002
87004
87008
87015
87031
87042
87043
87047
87048
87059
87068
87102
87104
87105
87106
87107
87108
87109
87110
87111
87112
87113
87114
87115
87116
87120
87121
87122
87123
87124
87131
87144
87501
87505
87506
87507
87508
88001
88003
88004
88005
88007
88008
88011
88012
88021
88024
88027
88032
88044
88046
88047
88048
88063
88072
88081
89002
89004
89005
89011
89012
89014
89015
89030
89031
89032
89033
89044
89052
89054
89074
89081
89084
89085
89086
89101
89102
89103
89104
89106
89107
89108
89109
89110
89113
89115
89117
89118
89119
89120
89121
89122
89123
89128
89129
89130
89131
89134
89135
89138
89139
89141
89142
89143
89144
89145
89146
89147
89148
89149
89154
89156
89161
89165
89166
89169
89178
89179
89183
89191
89402
89408
89431
89433
89434
89436
89439
89440
89441
89451
89501
89502
89503
89506
89509
89511
89512
89519
89521
89523
89557
89701
89703
89704
89705
89706
90001
90002
90003
90004
90005
90006
90007
90008
90009
90010
90011
90012
90013
90014
90015
90016
90017
90018
90019
90020
90021
90022
90023
90024
90025
90026
90027
90028
90029
90030
90031
90032
90033
90034
90035
90036
90037
90038
90039
90040
90041
90042
90043
90044
90045
90046
90047
90048
90049
90050
90051
90052
90053
90054
90055
90056
90057
90058
90059
90060
90061
90062
90063
90064
90065
90066
90067
90068
90069
90070
90071
90072
90073
90074
90075
90076
90077
90078
90079
90080
90081
90082
90083
90084
90086
90087
90088
90089
90090
90091
90093
90094
90095
90096
90099
90101
90102
90103
90189
90201
90202
90209
90210
90211
90212
90213
90220
90221
90222
90223
90224
90230
90231
90232
90233
90239
90240
90241
90242
90245
90247
90248
90249
90250
90251
90254
90255
90260
90261
90262
90263
90264
90265
90266
90267
90270
90272
90274
90275
90277
90278
90280
90290
90291
90292
90293
90294
90295
90296
90301
90302
90303
90304
90305
90306
90307
90308
90309
90310
90311
90312
90313
90397
90398
90401
90402
90403
90404
90405
90406
90407
90408
90409
90410
90411
90501
90502
90503
90504
90505
90506
90507
90508
90509
90510
90601
90602
90603
90604
90605
90606
90607
90608
90609
90610
90612
90620
90621
90622
90623
90624
90630
90631
90632
90633
90637
90638
90639
90640
90650
90651
90652
90659
90660
90661
90662
90670
90671
90680
90701
90702
90703
90706
90707
90710
90711
90712
90713
90714
90715
90716
90717
90720
90721
90723
90731
90732
90733
90734
90740
90742
90743
90744
90745
90746
90747
90748
90749
90755
90801
90802
90803
90804
90805
90806
90807
90808
90809
90810
90813
90814
90815
90822
90831
90832
90833
90834
90835
90840
90842
90844
90845
90846
90847
90848
90853
90888
90895
90899
91001
91003
91006
91007
91008
91009
91010
91011
91012
91016
91017
91020
91021
91024
91025
91030
91031
91040
91041
91042
91043
91046
91066
91077
91101
91102
91103
91104
91105
91106
91107
91108
91109
91110
91114
91115
91116
91117
91118
91121
91123
91124
91125
91126
91129
91131
91182
91184
91185
91188
91189
91191
91199
91201
91202
91203
91204
91205
91206
91207
91208
91209
91210
91214
91221
91222
91224
91225
91226
91301
91302
91303
91304
91305
91306
91307
91308
91309
91310
91311
91313
91316
91319
91320
91321
91322
91324
91325
91326
91327
91328
91329
91330
91331
91333
91334
91335
91337
91340
91341
91342
91343
91344
91345
91346
91350
91351
91352
91353
91354
91355
91356
91357
91358
91359
91360
91361
91362
91363
91364
91365
91367
91371
91372
91376
91377
91380
91381
91382
91383
91384
91385
91386
91387
91388
91390
91392
91393
91394
91395
91396
91399
91401
91402
91403
91404
91405
91406
91407
91408
91409
91410
91411
91412
91413
91416
91423
91426
91436
91470
91482
91495
91496
91497
91499
91501
91502
91503
91504
91505
91506
91507
91508
91510
91521
91522
91523
91526
91601
91602
91603
91604
91605
91606
91607
91608
91609
91610
91611
91612
91614
91615
91616
91617
91618
91701
91702
91706
91708
91709
91710
91711
91714
91715
91716
91722
91723
91724
91729
91730
91731
91732
91733
91734
91735
91737
91739
91740
91741
91743
91744
91745
91746
91747
91748
91749
91750
91752
91754
91755
91756
91758
91759
91761
91762
91763
91764
91765
91766
91767
91768
91769
91770
91771
91772
91773
91775
91776
91778
91780
91784
91785
91786
91788
91789
91790
91791
91792
91793
91795
91797
91798
91799
91801
91802
91803
91804
91841
91896
91899
91901
91902
91903
91905
91906
91908
91909
91910
91911
91912
91913
91914
91915
91916
91917
91921
91931
91932
91933
91934
91935
91941
91942
91943
91944
91945
91946
91947
91948
91950
91951
91962
91963
91976
91977
91978
91979
91980
92003
92007
92008
92009
92010
92011
92013
92014
92018
92019
92020
92021
92022
92023
92024
92025
92026
92027
92028
92029
92030
92033
92036
92037
92038
92039
92040
92046
92049
92051
92052
92054
92055
92056
92057
92058
92059
92060
92061
92064
92065
92066
92067
92068
92069
92070
92071
92072
92074
92075
92078
92079
92081
92082
92083
92084
92085
92086
92088
92090
92091
92092
92093
92096
92101
92102
92103
92104
92105
92106
92107
92108
92109
92110
92111
92112
92113
92114
92115
92116
92117
92118
92119
92120
92121
92122
92123
92124
92126
92127
92128
92129
92130
92131
92132
92134
92135
92136
92137
92138
92139
92140
92142
92143
92145
92147
92149
92150
92152
92153
92154
92155
92158
92159
92160
92161
92162
92163
92164
92165
92166
92167
92168
92169
92170
92171
92172
92173
92174
92175
92176
92177
92178
92179
92182
92184
92186
92187
92190
92191
92192
92193
92194
92195
92196
92197
92198
92199
92201
92203
92210
92211
92220
92223
92230
92234
92235
92236
92240
92241
92252
92253
92254
92255
92256
92258
92260
92261
92262
92263
92264
92268
92270
92274
92276
92277
92278
92282
92284
92285
92292
92301
92305
92307
92308
92310
92311
92312
92313
92314
92315
92316
92317
92318
92320
92321
92322
92324
92325
92326
92327
92329
92331
92333
92334
92335
92336
92337
92338
92339
92340
92341
92342
92344
92345
92346
92347
92350
92352
92354
92356
92357
92358
92359
92365
92368
92369
92371
92372
92373
92374
92375
92376
92377
92378
92382
92385
92386
92391
92392
92393
92394
92395
92397
92398
92399
92401
92402
92403
92404
92405
92406
92407
92408
92410
92411
92412
92413
92414
92415
92418
92423
92424
92427
92501
92502
92503
92504
92505
92506
92507
92508
92509
92513
92514
92515
92516
92517
92518
92519
92521
92522
92530
92531
92532
92536
92539
92543
92544
92545
92546
92548
92549
92551
92552
92553
92554
92555
92556
92557
92561
92562
92563
92564
92567
92570
92571
92572
92581
92582
92583
92584
92585
92586
92587
92589
92590
92591
92592
92593
92595
92596
92599
92602
92603
92604
92605
92606
92607
92609
92610
92612
92614
92615
92616
92617
92618
92619
92620
92623
92624
92625
92626
92627
92628
92629
92630
92637
92646
92647
92648
92649
92650
92651
92652
92653
92654
92655
92656
92657
92658
92659
92660
92661
92662
92663
92672
92673
92674
92675
92676
92677
92678
92679
92683
92684
92685
92688
92690
92691
92692
92693
92694
92697
92698
92701
92702
92703
92704
92705
92706
92707
92708
92709
92710
92711
92712
92725
92728
92735
92780
92781
92782
92799
92801
92802
92803
92804
92805
92806
92807
92808
92809
92811
92812
92814
92815
92816
92817
92821
92822
92823
92825
92831
92832
92833
92834
92835
92836
92837
92838
92840
92841
92842
92843
92844
92845
92846
92850
92856
92857
92859
92860
92861
92862
92863
92864
92865
92866
92867
92868
92869
92870
92871
92877
92878
92879
92880
92881
92882
92883
92885
92886
92887
92899
93001
93002
93003
93004
93005
93006
93007
93009
93010
93011
93012
93013
93014
93015
93016
93020
93021
93022
93023
93024
93030
93031
93032
93033
93034
93035
93036
93040
93041
93042
93043
93044
93060
93061
93062
93063
93064
93065
93066
93067
93093
93094
93099
93101
93102
93103
93105
93106
93107
93108
93109
93110
93111
93116
93117
93118
93120
93121
93130
93140
93150
93160
93190
93199
93201
93202
93203
93204
93205
93206
93207
93208
93210
93212
93215
93216
93218
93219
93220
93221
93222
93223
93224
93225
93226
93227
93230
93232
93234
93235
93237
93238
93239
93240
93241
93242
93243
93244
93245
93246
93247
93249
93250
93251
93252
93254
93255
93256
93257
93258
93260
93261
93262
93263
93265
93266
93267
93268
93270
93271
93272
93274
93275
93276
93277
93278
93279
93280
93282
93283
93285
93286
93287
93290
93291
93292
93301
93302
93303
93304
93305
93306
93307
93308
93309
93311
93312
93313
93314
93380
93381
93382
93383
93384
93385
93386
93387
93388
93389
93390
93401
93402
93403
93405
93406
93407
93408
93409
93410
93412
93420
93421
93422
93423
93424
93426
93427
93428
93429
93430
93432
93433
93434
93435
93436
93437
93438
93440
93441
93442
93443
93444
93445
93446
93447
93448
93449
93450
93451
93452
93453
93454
93455
93456
93457
93458
93460
93461
93463
93464
93465
93475
93483
93501
93502
93504
93505
93510
93516
93518
93519
93522
93523
93524
93527
93528
93531
93532
93534
93535
93536
93539
93542
93543
93544
93550
93551
93552
93553
93554
93555
93556
93558
93560
93561
93563
93581
93584
93586
93590
93591
93596
93599
93601
93602
93603
93604
93606
93607
93608
93609
93610
93611
93612
93613
93614
93615
93616
93618
93619
93620
93621
93622
93623
93624
93625
93626
93627
93628
93630
93631
93633
93635
93636
93637
93638
93639
93640
93641
93643
93644
93645
93646
93647
93648
93649
93650
93651
93652
93653
93654
93656
93657
93660
93661
93662
93664
93665
93666
93667
93668
93669
93670
93673
93675
93701
93702
93703
93704
93705
93706
93707
93708
93709
93710
93711
93712
93714
93715
93716
93717
93718
93720
93721
93722
93723
93724
93725
93726
93727
93728
93729
93730
93737
93740
93741
93744
93745
93747
93750
93755
93760
93761
93764
93765
93771
93772
93773
93774
93775
93776
93777
93778
93779
93780
93784
93786
93790
93791
93792
93793
93794
93844
93888
93901
93902
93905
93906
93907
93908
93912
93915
93920
93921
93922
93923
93924
93925
93926
93927
93928
93930
93932
93933
93940
93942
93943
93944
93950
93953
93954
93955
93960
93962
94002
94005
94010
94011
94013
94014
94015
94016
94017
94018
94019
94020
94021
94022
94023
94024
94025
94026
94027
94028
94030
94035
94037
94038
94039
94040
94041
94042
94043
94044
94060
94061
94062
94063
94064
94065
94066
94067
94070
94074
94080
94083
94085
94086
94087
94088
94089
94101
94102
94103
94104
94105
94106
94107
94108
94109
94110
94111
94112
94114
94115
94116
94117
94118
94119
94120
94121
94122
94123
94124
94125
94126
94127
94128
94129
94130
94131
94132
94133
94134
94135
94136
94137
94138
94139
94140
94141
94142
94143
94144
94145
94146
94147
94150
94151
94152
94153
94154
94155
94156
94158
94159
94160
94161
94162
94163
94164
94171
94172
94175
94177
94188
94199
94203
94204
94205
94206
94207
94208
94209
94211
94229
94230
94232
94234
94235
94236
94237
94239
94240
94244
94245
94246
94247
94248
94249
94250
94252
94254
94256
94257
94258
94259
94261
94262
94263
94267
94268
94269
94271
94273
94274
94277
94278
94279
94280
94282
94283
94284
94285
94286
94287
94288
94289
94290
94291
94293
94294
94295
94296
94297
94298
94299
94301
94302
94303
94304
94305
94306
94309
94401
94402
94403
94404
94497
94501
94502
94503
94505
94506
94507
94508
94509
94510
94511
94512
94513
94514
94515
94516
94517
94518
94519
94520
94521
94522
94523
94524
94525
94526
94527
94528
94529
94530
94531
94533
94534
94535
94536
94537
94538
94539
94540
94541
94542
94543
94544
94545
94546
94547
94548
94549
94550
94551
94552
94553
94555
94556
94557
94558
94559
94560
94561
94562
94563
94564
94565
94566
94567
94568
94569
94570
94571
94572
94573
94574
94575
94576
94577
94578
94579
94580
94581
94582
94583
94585
94586
94587
94588
94589
94590
94591
94592
94595
94596
94597
94598
94599
94601
94602
94603
94604
94605
94606
94607
94608
94609
94610
94611
94612
94613
94614
94615
94617
94618
94619
94620
94621
94622
94623
94624
94625
94649
94659
94660
94661
94662
94666
94701
94702
94703
94704
94705
94706
94707
94708
94709
94710
94712
94720
94801
94802
94803
94804
94805
94806
94807
94808
94820
94850
94901
94903
94904
94912
94913
94914
94915
94920
94922
94923
94924
94925
94926
94927
94928
94929
94930
94931
94933
94937
94938
94939
94940
94941
94942
94945
94946
94947
94948
94949
94950
94951
94952
94953
94954
94955
94956
94957
94960
94963
94964
94965
94966
94970
94971
94972
94973
94974
94975
94976
94977
94978
94979
94998
94999
95001
95002
95003
95004
95005
95006
95007
95008
95009
95010
95011
95012
95013
95014
95015
95018
95019
95020
95021
95023
95024
95026
95030
95031
95032
95033
95035
95036
95037
95038
95039
95041
95042
95043
95044
95045
95046
95050
95051
95052
95053
95054
95055
95056
95060
95061
95062
95063
95064
95065
95066
95067
95070
95071
95073
95075
95076
95077
95101
95103
95106
95108
95109
95110
95111
95112
95113
95115
95116
95117
95118
95119
95120
95121
95122
95123
95124
95125
95126
95127
95128
95129
95130
95131
95132
95133
95134
95135
95136
95138
95139
95140
95141
95148
95150
95151
95152
95153
95154
95155
95156
95157
95158
95159
95160
95161
95164
95170
95172
95173
95190
95191
95192
95193
95194
95196
95201
95202
95203
95204
95205
95206
95207
95208
95209
95210
95211
95212
95213
95215
95219
95220
95221
95222
95223
95224
95225
95226
95227
95228
95229
95230
95231
95232
95233
95234
95236
95237
95240
95241
95242
95245
95246
95247
95248
95249
95250
95251
95252
95253
95254
95255
95257
95258
95267
95269
95296
95297
95301
95303
95304
95305
95306
95307
95309
95310
95311
95312
95313
95314
95315
95316
95317
95318
95319
95320
95321
95322
95323
95324
95325
95326
95327
95328
95329
95330
95333
95334
95335
95336
95337
95338
95340
95341
95343
95344
95345
95346
95347
95348
95350
95351
95352
95353
95354
95355
95356
95357
95358
95360
95361
95363
95364
95365
95366
95367
95368
95369
95370
95372
95373
95374
95375
95376
95377
95378
95379
95380
95381
95382
95383
95385
95386
95387
95388
95389
95391
95397
95401
95402
95403
95404
95405
95406
95407
95409
95416
95419
95422
95423
95424
95425
95426
95430
95431
95433
95435
95436
95439
95441
95442
95443
95444
95446
95448
95451
95452
95453
95457
95458
95461
95462
95464
95465
95467
95471
95472
95473
95476
95482
95485
95486
95487
95492
95601
95602
95603
95604
95605
95606
95607
95608
95609
95610
95611
95612
95613
95614
95615
95616
95617
95618
95619
95620
95621
95623
95624
95625
95626
95627
95628
95629
95630
95631
95632
95633
95634
95635
95636
95637
95638
95639
95640
95641
95642
95644
95645
95646
95648
95650
95651
95652
95653
95654
95655
95656
95658
95659
95660
95661
95662
95663
95664
95665
95666
95667
95668
95669
95670
95671
95672
95673
95674
95675
95676
95677
95678
95679
95680
95681
95682
95683
95684
95685
95686
95687
95688
95689
95690
95691
95692
95693
95694
95695
95696
95697
95698
95699
95701
95703
95709
95712
95713
95714
95717
95722
95726
95736
95741
95742
95746
95747
95757
95758
95759
95762
95763
95765
95776
95798
95799
95811
95812
95813
95814
95815
95816
95817
95818
95819
95820
95821
95822
95823
95824
95825
95826
95827
95828
95829
95830
95831
95832
95833
95834
95835
95836
95837
95838
95840
95841
95842
95843
95851
95852
95853
95860
95864
95865
95866
95867
95887
95894
95899
95901
95903
95912
95913
95914
95916
95917
95918
95919
95920
95922
95924
95925
95926
95927
95928
95929
95930
95932
95935
95937
95938
95940
95941
95942
95943
95945
95946
95948
95949
95950
95951
95953
95954
95955
95957
95958
95959
95960
95961
95962
95963
95965
95966
95967
95968
95969
95970
95972
95973
95974
95975
95976
95977
95978
95979
95982
95987
95988
95991
95992
95993
96001
96002
96003
96007
96008
96019
96021
96022
96024
96029
96033
96035
96047
96049
96052
96055
96059
96061
96062
96063
96069
96073
96075
96078
96079
96080
96087
96088
96089
96090
96092
96095
96096
96099
96105
96111
96118
96121
96135
96140
96143
96145
96146
96148
96161
96701
96704
96706
96707
96709
96712
96717
96719
96720
96725
96726
96727
96730
96731
96734
96737
96738
96740
96743
96744
96745
96749
96750
96755
96759
96762
96771
96774
96776
96778
96782
96786
96789
96791
96792
96795
96797
96801
96802
96803
96804
96805
96806
96807
96808
96809
96810
96811
96812
96813
96814
96815
96816
96817
96818
96819
96820
96821
96822
96823
96824
96825
96826
96827
96828
96830
96836
96837
96838
96839
96840
96841
96843
96844
96846
96847
96848
96849
96850
96853
96854
96857
96858
96859
96860
96861
96863
97002
97004
97005
97006
97007
97008
97009
97013
97014
97015
97017
97018
97019
97020
97022
97023
97024
97026
97027
97030
97031
97032
97034
97035
97036
97038
97040
97042
97044
97045
97048
97050
97051
97053
97054
97055
97056
97060
97062
97068
97070
97071
97075
97076
97077
97078
97080
97086
97089
97101
97106
97109
97111
97113
97114
97115
97116
97119
97123
97124
97125
97127
97128
97132
97133
97134
97137
97140
97143
97147
97148
97201
97202
97203
97204
97205
97206
97207
97208
97209
97210
97211
97212
97213
97214
97215
97216
97217
97218
97219
97220
97221
97222
97223
97224
97225
97227
97228
97229
97230
97231
97232
97233
97236
97238
97239
97240
97242
97251
97253
97254
97255
97256
97258
97259
97266
97267
97268
97269
97271
97272
97280
97281
97282
97283
97286
97290
97291
97292
97293
97294
97296
97298
97299
97301
97302
97303
97304
97305
97306
97307
97308
97309
97310
97311
97312
97313
97314
97317
97325
97335
97336
97338
97351
97362
97364
97371
97372
97373
97375
97378
97381
97383
97384
97385
97392
97409
97425
97427
97428
97432
97440
97464
97472
97482
97491
97528
97533
97602
97634
97861
97917
98622
M4W 3V8
M5M 4N7